name: unity-ai-gpu
channels:
- conda-forge
- nvidia
- pkgs/main
- pytorch-lts
dependencies:
- _libgcc_mutex=0.1=main
- _openmp_mutex=5.1=1_gnu
- blas=1.0=mkl
- bzip2=1.0.8=h5eee18b_6
- ca-certificates=2024.11.26=h06a4308_0
- cudatoolkit=11.1.74=h6bb024c_0
- ffmpeg=4.2.2=h20bf706_0
- freetype=2.12.1=h4a9f257_0
- giflib=5.2.2=h5eee18b_0
- gmp=6.2.1=h295c915_3
- gnutls=3.6.15=he1e5248_0
- intel-openmp=2022.1.0=h9e868ea_3769
- jpeg=9b=h024ee3a_2
- lame=3.100=h7b6447c_0
- lcms2=2.12=h3be6417_0
- libblas=3.9.0=16_linux64_mkl
- libcblas=3.9.0=16_linux64_mkl
- libedit=3.1.20230828=h5eee18b_0
- libffi=3.2.1=hf484d3e_1007
- libgcc-ng=11.2.0=h1234567_1
- libgomp=11.2.0=h1234567_1
- libidn2=2.3.4=h5eee18b_0
- liblapack=3.9.0=16_linux64_mkl
- libopus=1.3.1=h5eee18b_1
- libpng=1.6.39=h5eee18b_0
- libstdcxx-ng=11.2.0=h1234567_1
- libtasn1=4.19.0=h5eee18b_0
- libtiff=4.2.0=h85742a9_0
- libunistring=0.9.10=h27cfd23_0
- libuv=1.48.0=h5eee18b_0
- libvpx=1.7.0=h439df22_0
- libwebp=1.2.0=h89dd481_0
- libwebp-base=1.2.0=h27cfd23_0
- lz4-c=1.9.4=h6a678d5_1
- mkl=2022.1.0=hc2b9512_224
- ncurses=6.4=h6a678d5_0
- nettle=3.7.3=hbbd107a_1
- ninja=1.12.1=h06a4308_0
- ninja-base=1.12.1=hdb19cb5_0
- numpy=1.22.3=py38h99721a1_2
- openh264=2.1.1=h4ff587b_0
- openssl=1.1.1w=h7f8727e_0
- pillow=9.3.0=py38hace64e9_1
- pip=24.2=py38h06a4308_0
- python=3.8.0=h0371630_2
- python_abi=3.8=2_cp38
- pytorch=1.8.2=py3.8_cuda11.1_cudnn8.0.5_0
- readline=7.0=h7b6447c_5
- setuptools=75.1.0=py38h06a4308_0
- sqlite=3.33.0=h62c20be_0
- tk=8.6.14=h39e8969_0
- torchaudio=0.8.2=py38
- torchvision=0.9.2=py38_cu111
- typing_extensions=4.11.0=py38h06a4308_0
- wheel=0.44.0=py38h06a4308_0
- x264=1!157.20191217=h7b6447c_0
- xz=5.4.6=h5eee18b_1
- zlib=1.2.13=h5eee18b_1
- zstd=1.4.9=haebb681_0

- pip:
    - absl-py==2.1.0
    - attrs==24.2.0
    - cachetools==5.5.0
    - cattrs==1.5.0
    - certifi==2024.8.30
    - charset-normalizer==3.4.0
    - cloudpickle==3.1.0
    - Farama-Notifications==0.0.4
    - filelock==3.16.1
    - google-auth==2.36.0
    - google-auth-oauthlib==1.0.0
    - grpcio==1.68.0
    - gym==0.26.2
    - gym-notices==0.0.8
    - gym-unity==0.26.0
    - gymnasium==1.0.0
    - h5py==3.11.0
    - idna==3.10
    - importlib_metadata==8.5.0
    - Markdown==3.7
    - MarkupSafe==2.1.5
    - mlagents==0.26.0
    - mlagents-envs==0.26.0
    - numpy==1.21.2
    - oauthlib==3.2.2
    - pettingzoo==1.24.3
    - Pillow==9.3.0
    - protobuf==3.20.0
    - pyasn1==0.6.1
    - pyasn1_modules==0.4.1
    - PyYAML==6.0.2
    - requests==2.32.3
    - requests-oauthlib==2.0.0
    - rsa==4.9
    - six==1.16.0
    - tensorboard==2.14.0
    - tensorboard-data-server==0.7.2
    - torch==1.8.2
    - torchaudio==0.8.2
    - torchvision==0.9.2
    - typing_extensions==4.12.2
    - urllib3==2.2.3
    - Werkzeug==3.0.6
    - zipp==3.20.2
